2.480000000000001137e+01 6.029999999999999716e+01
2.500000000000000000e+01 6.029999999999999716e+01
3.030000000000001137e+01 6.009999999999999432e+01
6.550000000000000000e+01 5.719999999999999574e+01
9.900000000000005684e+00 5.710000000000000142e+01
2.400000000000000000e+01 5.700000000000000000e+01
5.320000000000001705e+01 5.689999999999999858e+01
6.050000000000000000e+01 5.689999999999999858e+01
4.380000000000001137e+01 5.639999999999999858e+01
9.290000000000003411e+01 5.610000000000000142e+01
3.740000000000000568e+01 5.600000000000000000e+01
-4.299999999999982947e+00 5.589999999999999858e+01
1.230000000000001137e+01 5.569999999999999574e+01
6.140000000000000568e+01 5.519999999999999574e+01
7.320000000000001705e+01 5.510000000000000142e+01
8.290000000000003411e+01 5.510000000000000142e+01
-1.599999999999994316e+00 5.500000000000000000e+01
-1.299999999999982947e+00 5.460000000000000142e+01
-1.135999999999999943e+02 5.360000000000000142e+01
9.900000000000005684e+00 5.360000000000000142e+01
-3.000000000000000000e+00 5.350000000000000000e+01
-2.299999999999982947e+00 5.350000000000000000e+01
-6.299999999999982947e+00 5.339999999999999858e+01
8.369999999999998863e+01 5.339999999999999858e+01
3.430000000000001137e+01 5.329999999999999716e+01
5.020000000000001705e+01 5.329999999999999716e+01
8.800000000000011369e+00 5.310000000000000142e+01
-1.199999999999988631e+00 5.300000000000000000e+01
-2.099999999999994316e+00 5.260000000000000142e+01
1.330000000000001137e+01 5.260000000000000142e+01
1.690000000000000568e+01 5.250000000000000000e+01
4.600000000000022737e+00 5.239999999999999858e+01
4.800000000000011369e+00 5.239999999999999858e+01
9.700000000000017053e+00 5.239999999999999858e+01
2.090000000000000568e+01 5.229999999999999716e+01
1.160000000000002274e+01 5.219999999999999574e+01
4.300000000000011369e+00 5.210000000000000142e+01
4.100000000000022737e+00 5.200000000000000000e+01
4.500000000000000000e+00 5.200000000000000000e+01
7.600000000000022737e+00 5.200000000000000000e+01
4.300000000000011369e+00 5.189999999999999858e+01
1.940000000000000568e+01 5.179999999999999716e+01
3.610000000000002274e+01 5.179999999999999716e+01
3.920000000000001705e+01 5.169999999999999574e+01
-3.999999999999772626e-01 5.159999999999999432e+01
6.700000000000017053e+00 5.159999999999999432e+01
7.000000000000000000e+00 5.159999999999999432e+01
4.590000000000000568e+01 5.159999999999999432e+01
5.400000000000005684e+00 5.150000000000000000e+01
6.100000000000022737e+00 5.139999999999999858e+01
1.230000000000001137e+01 5.139999999999999858e+01
4.300000000000011369e+00 5.129999999999999716e+01
-1.142000000000000028e+02 5.109999999999999432e+01
3.700000000000017053e+00 5.109999999999999432e+01
1.370000000000001705e+01 5.109999999999999432e+01
4.300000000000011369e+00 5.089999999999999858e+01
3.000000000000000000e+00 5.069999999999999574e+01
5.500000000000000000e+00 5.069999999999999574e+01
3.800000000000011369e+00 5.050000000000000000e+01
3.040000000000000568e+01 5.050000000000000000e+01
1.880000000000001137e+01 5.039999999999999858e+01
1.910000000000002274e+01 5.029999999999999716e+01
8.500000000000000000e+00 5.019999999999999574e+01
1.440000000000000568e+01 5.009999999999999432e+01
1.570000000000001705e+01 5.009999999999999432e+01
1.840000000000000568e+01 5.009999999999999432e+01
1.990000000000000568e+01 5.009999999999999432e+01
3.620000000000001705e+01 5.000000000000000000e+01
-9.719999999999998863e+01 4.989999999999999858e+01
1.820000000000001705e+01 4.989999999999999858e+01
1.850000000000000000e+01 4.989999999999999858e+01
2.400000000000000000e+01 4.989999999999999858e+01
1.000000000000000000e+00 4.950000000000000000e+01
8.300000000000011369e+00 4.950000000000000000e+01
1.100000000000000000e+01 4.950000000000000000e+01
6.100000000000022737e+00 4.939999999999999858e+01
6.700000000000017053e+00 4.939999999999999858e+01
-1.230999999999999943e+02 4.929999999999999716e+01
8.300000000000011369e+00 4.909999999999999432e+01
2.200000000000017053e+00 4.900000000000000000e+01
3.840000000000000568e+01 4.900000000000000000e+01
9.200000000000017053e+00 4.879999999999999716e+01
4.450000000000000000e+01 4.879999999999999716e+01
7.700000000000017053e+00 4.859999999999999432e+01
1.210000000000002274e+01 4.859999999999999432e+01
3.860000000000002274e+01 4.859999999999999432e+01
-1.234000000000000057e+02 4.850000000000000000e+01
3.500000000000000000e+01 4.850000000000000000e+01
1.630000000000001137e+01 4.829999999999999716e+01
1.140000000000000568e+01 4.819999999999999574e+01
1.710000000000002274e+01 4.819999999999999574e+01
3.350000000000000000e+01 4.819999999999999574e+01
3.770000000000001705e+01 4.809999999999999432e+01
3.340000000000000568e+01 4.800000000000000000e+01
-1.222999999999999972e+02 4.789999999999999858e+01
3.500000000000000000e+01 4.789999999999999858e+01
-1.224000000000000057e+02 4.769999999999999574e+01
-1.221999999999999886e+02 4.769999999999999574e+01
-1.172999999999999972e+02 4.769999999999999574e+01
1.900000000000000000e+01 4.759999999999999432e+01
-5.999999999999943157e-01 4.750000000000000000e+01
8.500000000000000000e+00 4.739999999999999858e+01
1.239000000000000341e+02 4.739999999999999858e+01
3.970000000000001705e+01 4.729999999999999716e+01
3.750000000000000000e+01 4.719999999999999574e+01
1.540000000000000568e+01 4.709999999999999432e+01
4.800000000000000000e+01 4.639999999999999858e+01
-1.192999999999999972e+02 4.629999999999999716e+01
4.800000000000011369e+00 4.579999999999999716e+01
1.266000000000000227e+02 4.579999999999999716e+01
-1.226999999999999886e+02 4.569999999999999574e+01
8.700000000000017053e+00 4.569999999999999574e+01
9.100000000000022737e+00 4.569999999999999574e+01
-7.379999999999999716e+01 4.559999999999999432e+01
-7.569999999999998863e+01 4.550000000000000000e+01
-9.339999999999999147e+01 4.519999999999999574e+01
7.500000000000000000e+00 4.509999999999999432e+01
4.190000000000000568e+01 4.509999999999999432e+01
-6.999999999999886313e-01 4.489999999999999858e+01
2.600000000000000000e+01 4.450000000000000000e+01
-8.850000000000000000e+01 4.429999999999999716e+01
-1.230999999999999943e+02 4.409999999999999432e+01
4.800000000000011369e+00 4.400000000000000000e+01
-7.950000000000000000e+01 4.389999999999999858e+01
1.110000000000002274e+01 4.389999999999999858e+01
1.251999999999999886e+02 4.389999999999999858e+01
1.265000000000000000e+02 4.389999999999999858e+01
7.690000000000003411e+01 4.339999999999999858e+01
-8.809999999999999432e+01 4.319999999999999574e+01
-7.769999999999998863e+01 4.319999999999999574e+01
1.413000000000000114e+02 4.319999999999999574e+01
-7.619999999999998863e+01 4.309999999999999432e+01
-8.569999999999998863e+01 4.300000000000000000e+01
-8.250000000000000000e+01 4.300000000000000000e+01
-7.889999999999999147e+01 4.300000000000000000e+01
-8.459999999999999432e+01 4.279999999999999716e+01
-7.389999999999999147e+01 4.279999999999999716e+01
-7.150000000000000000e+01 4.279999999999999716e+01
-8.339999999999999147e+01 4.269999999999999574e+01
-7.119999999999998863e+01 4.259999999999999432e+01
-8.909999999999999432e+01 4.229999999999999716e+01
-8.800000000000000000e+01 4.219999999999999574e+01
-7.259999999999999432e+01 4.219999999999999574e+01
2.470000000000001705e+01 4.219999999999999574e+01
-7.150000000000000000e+01 4.189999999999999858e+01
1.240000000000000568e+01 4.189999999999999858e+01
5.990000000000000568e+01 4.189999999999999858e+01
1.234000000000000341e+02 4.189999999999999858e+01
1.238000000000000114e+02 4.189999999999999858e+01
-7.269999999999998863e+01 4.179999999999999716e+01
-8.369999999999998863e+01 4.169999999999999574e+01
-8.159999999999999432e+01 4.159999999999999432e+01
2.000000000000000000e+00 4.159999999999999432e+01
2.000000000000000000e+00 4.139999999999999858e+01
6.920000000000001705e+01 4.139999999999999858e+01
-9.609999999999999432e+01 4.129999999999999716e+01
-7.309999999999999432e+01 4.129999999999999716e+01
-8.599999999999994316e+00 4.119999999999999574e+01
1.220000000000000000e+02 4.119999999999999574e+01
1.229000000000000341e+02 4.119999999999999574e+01
-8.069999999999998863e+01 4.109999999999999432e+01
-7.419999999999998863e+01 4.109999999999999432e+01
2.860000000000002274e+01 4.109999999999999432e+01
2.880000000000001137e+01 4.109999999999999432e+01
1.420000000000001705e+01 4.100000000000000000e+01
-1.120000000000000000e+02 4.079999999999999716e+01
7.230000000000001137e+01 4.079999999999999716e+01
1.208000000000000114e+02 4.079999999999999716e+01
1.096999999999999886e+02 4.069999999999999574e+01
-1.050999999999999943e+02 4.059999999999999432e+01
7.090000000000000568e+01 4.059999999999999432e+01
-8.009999999999999432e+01 4.050000000000000000e+01
-3.699999999999988631e+00 4.050000000000000000e+01
4.990000000000000568e+01 4.050000000000000000e+01
7.160000000000002274e+01 4.050000000000000000e+01
-7.600000000000000000e+01 4.039999999999999858e+01
-7.469999999999998863e+01 4.039999999999999858e+01
-7.409999999999999432e+01 4.039999999999999858e+01
-7.689999999999999147e+01 4.029999999999999716e+01
4.440000000000000568e+01 4.019999999999999574e+01
1.161999999999999886e+02 4.019999999999999574e+01
-8.309999999999999432e+01 4.009999999999999432e+01
-7.419999999999998863e+01 4.009999999999999432e+01
1.131999999999999886e+02 4.009999999999999432e+01
-8.609999999999999432e+01 4.000000000000000000e+01
3.270000000000001705e+01 4.000000000000000000e+01
6.620000000000001705e+01 4.000000000000000000e+01
-1.050999999999999943e+02 3.989999999999999858e+01
-8.900000000000000000e+01 3.989999999999999858e+01
-8.419999999999998863e+01 3.979999999999999716e+01
-7.559999999999999432e+01 3.979999999999999716e+01
6.690000000000000568e+01 3.979999999999999716e+01
-1.197999999999999972e+02 3.959999999999999432e+01
-8.459999999999999432e+01 3.939999999999999858e+01
-7.679999999999999716e+01 3.939999999999999858e+01
-9.459999999999999432e+01 3.919999999999999574e+01
1.171000000000000227e+02 3.919999999999999574e+01
-7.719999999999998863e+01 3.909999999999999432e+01
1.176000000000000227e+02 3.909999999999999432e+01
1.256999999999999886e+02 3.909999999999999432e+01
1.215000000000000000e+02 3.900000000000000000e+01
-1.047999999999999972e+02 3.889999999999999858e+01
1.154000000000000341e+02 3.889999999999999858e+01
-1.212999999999999972e+02 3.879999999999999716e+01
-9.050000000000000000e+01 3.879999999999999716e+01
-9.299999999999982947e+00 3.879999999999999716e+01
6.870000000000001705e+01 3.859999999999999432e+01
-8.579999999999999716e+01 3.829999999999999716e+01
1.408000000000000114e+02 3.829999999999999716e+01
1.145000000000000000e+02 3.819999999999999574e+01
2.360000000000002274e+01 3.809999999999999432e+01
-1.224000000000000057e+02 3.800000000000000000e+01
-1.220999999999999943e+02 3.800000000000000000e+01
-1.212999999999999972e+02 3.800000000000000000e+01
1.125000000000000000e+02 3.800000000000000000e+01
-1.225000000000000000e+02 3.779999999999999716e+01
-1.210000000000000000e+02 3.769999999999999574e+01
-9.739999999999999147e+01 3.769999999999999574e+01
1.270000000000000000e+02 3.769999999999999574e+01
-7.750000000000000000e+01 3.759999999999999432e+01
1.500000000000000000e+01 3.759999999999999432e+01
1.213000000000000114e+02 3.759999999999999432e+01
1.266000000000000227e+02 3.759999999999999432e+01
1.120000000000000000e+02 3.750000000000000000e+01
-1.220999999999999943e+02 3.739999999999999858e+01
-7.639999999999999147e+01 3.709999999999999432e+01
1.144000000000000341e+02 3.709999999999999432e+01
-1.197999999999999972e+02 3.689999999999999858e+01
-7.629999999999999716e+01 3.689999999999999858e+01
1.180000000000000000e+02 3.679999999999999716e+01
1.370000000000000000e+02 3.679999999999999716e+01
1.016999999999999886e+02 3.669999999999999574e+01
1.169000000000000341e+02 3.669999999999999574e+01
1.366000000000000227e+02 3.659999999999999432e+01
4.310000000000002274e+01 3.639999999999999858e+01
1.204000000000000341e+02 3.639999999999999858e+01
1.273000000000000114e+02 3.639999999999999858e+01
1.390000000000000000e+02 3.639999999999999858e+01
1.404000000000000341e+02 3.639999999999999858e+01
-1.152999999999999972e+02 3.629999999999999716e+01
1.379000000000000341e+02 3.629999999999999716e+01
1.398000000000000114e+02 3.629999999999999716e+01
-9.600000000000000000e+01 3.619999999999999574e+01
-8.679999999999999716e+01 3.619999999999999574e+01
-7.869999999999998863e+01 3.589999999999999858e+01
1.285000000000000000e+02 3.589999999999999858e+01
5.130000000000001137e+01 3.579999999999999716e+01
1.385000000000000000e+02 3.569999999999999574e+01
1.401000000000000227e+02 3.569999999999999574e+01
1.293000000000000114e+02 3.559999999999999432e+01
-9.759999999999999432e+01 3.550000000000000000e+01
1.366000000000000227e+02 3.550000000000000000e+01
-1.190999999999999943e+02 3.539999999999999858e+01
-8.089999999999999147e+01 3.529999999999999716e+01
1.131999999999999886e+02 3.529999999999999716e+01
-1.067000000000000028e+02 3.519999999999999574e+01
-9.000000000000000000e+01 3.519999999999999574e+01
3.330000000000001137e+01 3.519999999999999574e+01
1.181999999999999886e+02 3.519999999999999574e+01
1.289000000000000341e+02 3.519999999999999574e+01
-7.900000000000000000e+01 3.509999999999999432e+01
1.357000000000000455e+02 3.500000000000000000e+01
1.175000000000000000e+02 3.489999999999999858e+01
-9.229999999999999716e+01 3.479999999999999716e+01
1.136000000000000227e+02 3.479999999999999716e+01
1.349000000000000341e+02 3.479999999999999716e+01
1.373000000000000114e+02 3.479999999999999716e+01
1.377000000000000455e+02 3.479999999999999716e+01
1.124000000000000341e+02 3.469999999999999574e+01
1.339000000000000341e+02 3.469999999999999574e+01
1.357000000000000455e+02 3.469999999999999574e+01
1.337000000000000455e+02 3.459999999999999432e+01
1.324000000000000341e+02 3.450000000000000000e+01
1.089000000000000341e+02 3.439999999999999858e+01
-1.185999999999999943e+02 3.429999999999999716e+01
1.171000000000000227e+02 3.429999999999999716e+01
-8.459999999999999432e+01 3.409999999999999432e+01
1.327000000000000455e+02 3.389999999999999858e+01
1.131999999999999886e+02 3.379999999999999716e+01
-1.122999999999999972e+02 3.369999999999999574e+01
7.300000000000000000e+01 3.369999999999999574e+01
3.630000000000001137e+01 3.359999999999999432e+01
1.303000000000000114e+02 3.359999999999999432e+01
1.335000000000000000e+02 3.359999999999999432e+01
4.430000000000001137e+01 3.339999999999999858e+01
-1.172999999999999972e+02 3.319999999999999574e+01
-9.709999999999999432e+01 3.309999999999999432e+01
-1.170000000000000000e+02 3.289999999999999858e+01
1.307000000000000455e+02 3.289999999999999858e+01
5.160000000000002274e+01 3.269999999999999574e+01
-9.979999999999999716e+01 3.250000000000000000e+01
-9.379999999999999716e+01 3.250000000000000000e+01
-9.019999999999998863e+01 3.239999999999999858e+01
-8.629999999999999716e+01 3.239999999999999858e+01
-1.110000000000000000e+02 3.229999999999999716e+01
3.480000000000001137e+01 3.219999999999999574e+01
1.121000000000000227e+02 3.209999999999999432e+01
1.186999999999999886e+02 3.209999999999999432e+01
3.590000000000000568e+01 3.200000000000000000e+01
4.710000000000002274e+01 3.189999999999999858e+01
1.171999999999999886e+02 3.189999999999999858e+01
1.205000000000000000e+02 3.189999999999999858e+01
-1.065000000000000000e+02 3.179999999999999716e+01
1.199000000000000341e+02 3.179999999999999716e+01
1.201999999999999886e+02 3.169999999999999574e+01
1.206999999999999886e+02 3.169999999999999574e+01
-9.719999999999998863e+01 3.159999999999999432e+01
7.430000000000001137e+01 3.159999999999999432e+01
7.300000000000000000e+01 3.150000000000000000e+01
1.213000000000000114e+02 3.150000000000000000e+01
1.205000000000000000e+02 3.139999999999999858e+01
1.040000000000000000e+02 3.069999999999999574e+01
1.143000000000000114e+02 3.069999999999999574e+01
-9.119999999999998863e+01 3.050000000000000000e+01
-8.729999999999999716e+01 3.050000000000000000e+01
-9.779999999999999716e+01 3.039999999999999858e+01
-8.169999999999998863e+01 3.039999999999999858e+01
1.201000000000000227e+02 3.039999999999999858e+01
3.130000000000001137e+01 3.019999999999999574e+01
1.204000000000000341e+02 3.019999999999999574e+01
-9.550000000000000000e+01 3.009999999999999432e+01
1.211000000000000227e+02 3.009999999999999432e+01
-9.019999999999998863e+01 3.000000000000000000e+01
1.216000000000000227e+02 3.000000000000000000e+01
-9.859999999999999432e+01 2.959999999999999432e+01
1.065000000000000000e+02 2.959999999999999432e+01
7.710000000000002274e+01 2.879999999999999716e+01
-8.150000000000000000e+01 2.869999999999999574e+01
1.159000000000000341e+02 2.869999999999999574e+01
-8.279999999999999716e+01 2.819999999999999574e+01
-8.250000000000000000e+01 2.809999999999999432e+01
-8.069999999999998863e+01 2.809999999999999432e+01
-8.259999999999999432e+01 2.750000000000000000e+01
-8.189999999999999147e+01 2.669999999999999574e+01
-8.019999999999998863e+01 2.669999999999999574e+01
5.000000000000000000e+01 2.650000000000000000e+01
8.030000000000001137e+01 2.650000000000000000e+01
-8.179999999999999716e+01 2.619999999999999574e+01
1.193000000000000114e+02 2.609999999999999432e+01
-1.003999999999999915e+02 2.579999999999999716e+01
8.180000000000001137e+01 2.550000000000000000e+01
1.190000000000000000e+02 2.550000000000000000e+01
7.580000000000001137e+01 2.520000000000000284e+01
1.026000000000000227e+02 2.509999999999999432e+01
1.211999999999999886e+02 2.509999999999999432e+01
1.214000000000000341e+02 2.509999999999999432e+01
6.700000000000000000e+01 2.500000000000000000e+01
1.185000000000000000e+02 2.489999999999999147e+01
4.660000000000002274e+01 2.479999999999999716e+01
1.206000000000000227e+02 2.420000000000000284e+01
1.166000000000000227e+02 2.370000000000000284e+01
1.163000000000000114e+02 2.359999999999999432e+01
1.131999999999999886e+02 2.339999999999999147e+01
7.740000000000003411e+01 2.329999999999999716e+01
1.163000000000000114e+02 2.329999999999999716e+01
7.250000000000000000e+01 2.309999999999999432e+01
1.136000000000000227e+02 2.309999999999999432e+01
1.201999999999999886e+02 2.309999999999999432e+01
7.580000000000001137e+01 2.279999999999999716e+01
8.830000000000001137e+01 2.279999999999999716e+01
1.138000000000000114e+02 2.279999999999999716e+01
1.101000000000000227e+02 2.270000000000000284e+01
1.131000000000000227e+02 2.270000000000000284e+01
1.140000000000000000e+02 2.270000000000000284e+01
1.203000000000000114e+02 2.270000000000000284e+01
-9.789999999999999147e+01 2.229999999999999716e+01
-1.010000000000000000e+02 2.220000000000000284e+01
3.920000000000001705e+01 2.150000000000000000e+01
-1.580000000000000000e+02 2.139999999999999147e+01
1.058000000000000114e+02 2.109999999999999432e+01
1.066000000000000227e+02 2.089999999999999147e+01
-1.033999999999999915e+02 2.070000000000000284e+01
-9.929999999999999716e+01 1.950000000000000000e+01
-9.829999999999999716e+01 1.909999999999999432e+01
-7.229999999999999716e+01 1.859999999999999432e+01
7.380000000000001137e+01 1.859999999999999432e+01
7.840000000000003411e+01 1.750000000000000000e+01
9.610000000000002274e+01 1.689999999999999147e+01
3.240000000000000568e+01 1.570000000000000284e+01
1.210000000000000000e+02 1.479999999999999716e+01
1.005000000000000000e+02 1.400000000000000000e+01
8.019999999999998863e+01 1.309999999999999432e+01
7.750000000000000000e+01 1.300000000000000000e+01
-1.599999999999994316e+00 1.239999999999999147e+01
1.068000000000000114e+02 1.100000000000000000e+01
-7.169999999999998863e+01 1.069999999999998863e+01
-8.409999999999999432e+01 1.000000000000000000e+01
-6.269999999999998863e+01 8.399999999999991473e+00
-1.699999999999988631e+00 6.799999999999997158e+00
3.300000000000011369e+00 6.699999999999988631e+00
5.600000000000022737e+00 6.399999999999991473e+00
-2.999999999999829470e-01 5.699999999999988631e+00
5.700000000000017053e+00 5.599999999999994316e+00
-4.099999999999994316e+00 5.399999999999991473e+00
1.004000000000000341e+02 5.399999999999991473e+00
-7.419999999999998863e+01 4.699999999999988631e+00
9.860000000000002274e+01 3.599999999999994316e+00
1.015000000000000000e+02 3.199999999999988631e+00
1.021999999999999886e+02 2.299999999999997158e+00
1.103000000000000114e+02 1.599999999999994316e+00
1.038000000000000114e+02 1.399999999999991473e+00
-7.869999999999998863e+01 -9.000000000000056843e-01
-4.850000000000000000e+01 -1.300000000000011369e+00
-7.869999999999998863e+01 -1.600000000000008527e+00
1.046999999999999886e+02 -2.900000000000005684e+00
-6.000000000000000000e+01 -3.000000000000000000e+00
-3.859999999999999432e+01 -3.700000000000002842e+00
1.520000000000001705e+01 -4.300000000000011369e+00
1.194000000000000341e+02 -5.100000000000008527e+00
1.065000000000000000e+02 -6.100000000000008527e+00
3.920000000000001705e+01 -6.800000000000011369e+00
-3.490000000000000568e+01 -7.100000000000008527e+00
1.126999999999999886e+02 -7.200000000000002842e+00
1.126000000000000227e+02 -7.900000000000005684e+00
-3.500000000000000000e+01 -8.000000000000000000e+00
1.320000000000001705e+01 -8.800000000000011369e+00
-7.709999999999999432e+01 -1.180000000000001137e+01
-3.900000000000000000e+01 -1.220000000000000284e+01
-3.850000000000000000e+01 -1.290000000000000568e+01
-4.809999999999999432e+01 -1.580000000000001137e+01
-4.929999999999998295e+01 -1.660000000000000853e+01
3.100000000000000000e+01 -1.780000000000001137e+01
-4.800000000000000000e+01 -1.970000000000000284e+01
-4.400000000000000000e+01 -1.980000000000001137e+01
-4.040000000000000568e+01 -2.030000000000001137e+01
-5.469999999999998863e+01 -2.040000000000000568e+01
-4.700000000000000000e+01 -2.230000000000001137e+01
-4.769999999999998863e+01 -2.270000000000000284e+01
-4.740000000000000568e+01 -2.270000000000000284e+01
-4.719999999999998863e+01 -2.270000000000000284e+01
-4.340000000000000568e+01 -2.270000000000000284e+01
-4.309999999999999432e+01 -2.280000000000001137e+01
-4.750000000000000000e+01 -2.340000000000000568e+01
-4.690000000000000568e+01 -2.340000000000000568e+01
-4.640000000000000568e+01 -2.390000000000000568e+01
-5.350000000000000000e+01 -2.490000000000000568e+01
-5.759999999999999432e+01 -2.530000000000001137e+01
-4.929999999999998295e+01 -2.540000000000000568e+01
2.800000000000000000e+01 -2.550000000000000000e+01
2.810000000000002274e+01 -2.570000000000000284e+01
2.800000000000000000e+01 -2.600000000000000000e+01
2.840000000000000568e+01 -2.620000000000000284e+01
1.530000000000000000e+02 -2.730000000000001137e+01
1.533000000000000114e+02 -2.790000000000000568e+01
-5.119999999999998863e+01 -2.970000000000000284e+01
-5.119999999999998863e+01 -2.990000000000000568e+01
-6.429999999999999716e+01 -3.130000000000001137e+01
-6.859999999999999432e+01 -3.150000000000000000e+01
-5.239999999999999147e+01 -3.170000000000000284e+01
1.158000000000000114e+02 -3.180000000000001137e+01
-6.889999999999999147e+01 -3.280000000000001137e+01
1.516000000000000227e+02 -3.290000000000000568e+01
-6.859999999999999432e+01 -3.300000000000000000e+01
-7.079999999999999716e+01 -3.340000000000000568e+01
1.507000000000000455e+02 -3.370000000000000284e+01
1.850000000000000000e+01 -3.390000000000000568e+01
2.550000000000000000e+01 -3.390000000000000568e+01
-7.079999999999999716e+01 -3.410000000000000853e+01
-5.879999999999999716e+01 -3.440000000000000568e+01
-5.619999999999998863e+01 -3.480000000000001137e+01
1.385000000000000000e+02 -3.480000000000001137e+01
1.748000000000000114e+02 -3.690000000000000568e+01
1.448000000000000114e+02 -3.770000000000000284e+01
-6.229999999999999716e+01 -3.870000000000001705e+01
-6.809999999999999432e+01 -3.890000000000000568e+01
